# x y
0.000000000000000000e+00 6.327615024450757020e-02
2.020202020202020374e-02 3.733048189525733224e-02
4.040404040404040747e-02 9.944180429582799574e-02
6.060606060606060774e-02 1.475666249813956110e-01
8.080808080808081495e-02 1.060651729921444353e-01
1.010101010101010222e-01 1.554971081199144622e-01
1.212121212121212155e-01 2.034183945755261291e-01
1.414141414141414366e-01 1.747074742586033069e-01
1.616161616161616299e-01 1.719979458115784288e-01
1.818181818181818232e-01 2.283794093623658372e-01
2.020202020202020443e-01 2.230373233856357551e-01
2.222222222222222376e-01 2.521276205527604453e-01
2.424242424242424310e-01 2.841274459935930197e-01
2.626262626262626521e-01 2.959214544572594807e-01
2.828282828282828731e-01 3.506811049022258153e-01
3.030303030303030387e-01 3.167656015659494617e-01
3.232323232323232598e-01 4.074962040154610499e-01
3.434343434343434809e-01 3.817930879137158562e-01
3.636363636363636465e-01 3.829796233973601916e-01
3.838383838383838675e-01 3.918629722146816929e-01
4.040404040404040886e-01 4.591399830184936248e-01
4.242424242424242542e-01 4.848533639626074754e-01
4.444444444444444753e-01 5.107727732190501246e-01
4.646464646464646964e-01 5.400968547023343724e-01
4.848484848484848619e-01 4.998085900033899520e-01
5.050505050505050830e-01 5.355741695201994279e-01
5.252525252525253041e-01 5.152153855082552969e-01
5.454545454545455252e-01 5.298261847221813481e-01
5.656565656565657463e-01 6.034323594044777028e-01
5.858585858585858563e-01 5.553605836784899497e-01
6.060606060606060774e-01 6.646595001109856238e-01
6.262626262626262985e-01 6.036884634361221469e-01
6.464646464646465196e-01 6.069034757459971230e-01
6.666666666666667407e-01 7.014600564125028637e-01
6.868686868686869618e-01 7.208797554275609976e-01
7.070707070707071829e-01 6.662266427288973114e-01
7.272727272727272929e-01 7.184870831546740222e-01
7.474747474747475140e-01 7.649180076557919872e-01
7.676767676767677351e-01 7.729368829807972130e-01
7.878787878787879562e-01 7.835230385879082826e-01
8.080808080808081773e-01 7.611612080074966480e-01
8.282828282828283983e-01 7.869243279595113938e-01
8.484848484848485084e-01 8.254760529228233334e-01
8.686868686868687295e-01 8.578026208770004324e-01
8.888888888888889506e-01 8.520740713209733475e-01
9.090909090909091717e-01 8.729933606791191458e-01
9.292929292929293927e-01 8.178226781191942907e-01
9.494949494949496138e-01 8.417075859560192441e-01
9.696969696969697239e-01 8.569649522035769351e-01
9.898989898989899450e-01 9.225068028021090605e-01
1.010101010101010166e+00 8.606095335003004498e-01
1.030303030303030498e+00 9.208856875373820916e-01
1.050505050505050608e+00 8.831007174660850945e-01
1.070707070707070718e+00 9.695521410551212194e-01
1.090909090909091050e+00 9.048965383380371819e-01
1.111111111111111160e+00 9.327380461882149865e-01
1.131313131313131493e+00 9.148924771040674031e-01
1.151515151515151603e+00 1.012168573035101327e+00
1.171717171717171713e+00 9.401566802105377763e-01
1.191919191919192045e+00 9.597723664505567465e-01
1.212121212121212155e+00 9.623934070819077924e-01
1.232323232323232487e+00 1.027152517791156683e+00
1.252525252525252597e+00 1.047295238038228771e+00
1.272727272727272929e+00 1.037212914197306768e+00
1.292929292929293039e+00 1.049958312181596742e+00
1.313131313131313149e+00 1.014887009983758137e+00
1.333333333333333481e+00 1.045656796349812900e+00
1.353535353535353591e+00 1.045364897355834710e+00
1.373737373737373924e+00 9.849631246184149536e-01
1.393939393939394034e+00 9.891030338502835306e-01
1.414141414141414366e+00 9.988111286382700404e-01
1.434343434343434476e+00 9.951166241628894849e-01
1.454545454545454586e+00 1.076264288161028926e+00
1.474747474747474918e+00 1.075676486266665455e+00
1.494949494949495028e+00 1.081074361409334328e+00
1.515151515151515360e+00 1.093670715071351829e+00
1.535353535353535470e+00 1.058884822520619551e+00
1.555555555555555580e+00 1.055417756791843242e+00
1.575757575757575912e+00 1.054595508692631300e+00
1.595959595959596022e+00 1.068211681643933542e+00
1.616161616161616355e+00 1.068012181764423030e+00
1.636363636363636465e+00 1.017414999754598259e+00
1.656565656565656797e+00 1.093827763006017806e+00
1.676767676767676907e+00 1.003023891603140205e+00
1.696969696969697017e+00 9.974176769986058400e-01
1.717171717171717349e+00 1.071837580304346726e+00
1.737373737373737459e+00 9.882132743350177106e-01
1.757575757575757791e+00 1.035324683468685336e+00
1.777777777777777901e+00 1.033885761554901306e+00
1.797979797979798233e+00 9.781086854485169235e-01
1.818181818181818343e+00 1.030156472463572337e+00
1.838383838383838453e+00 1.056782355046435695e+00
1.858585858585858785e+00 1.026799163950434579e+00
1.878787878787878896e+00 9.887933855171087139e-01
1.898989898989899228e+00 1.040839559550583715e+00
1.919191919191919338e+00 9.581238636488691451e-01
1.939393939393939448e+00 1.030543299710159122e+00
1.959595959595959780e+00 9.396155329740759621e-01
1.979797979797979890e+00 9.364480862174729969e-01
2.000000000000000000e+00 9.467698220399657361e-01
