0.000000000000000000e+00 0.000000000000000000e+00
0.000000000000000000e+00 1.000000000000000000e+00
0.000000000000000000e+00 2.000000000000000000e+00
0.000000000000000000e+00 3.000000000000000000e+00
0.000000000000000000e+00 4.000000000000000000e+00
0.000000000000000000e+00 5.000000000000000000e+00
0.000000000000000000e+00 6.000000000000000000e+00
0.000000000000000000e+00 7.000000000000000000e+00
0.000000000000000000e+00 8.000000000000000000e+00
0.000000000000000000e+00 9.000000000000000000e+00
0.000000000000000000e+00 1.000000000000000000e+01
1.000000000000000000e+00 1.000000000000000000e+01
2.000000000000000000e+00 1.000000000000000000e+01
3.000000000000000000e+00 1.000000000000000000e+01
4.000000000000000000e+00 1.000000000000000000e+01
5.000000000000000000e+00 1.000000000000000000e+01
6.000000000000000000e+00 1.000000000000000000e+01
7.000000000000000000e+00 1.000000000000000000e+01
8.000000000000000000e+00 1.000000000000000000e+01
9.000000000000000000e+00 1.000000000000000000e+01
1.000000000000000000e+01 1.000000000000000000e+01
1.000000000000000000e+01 9.000000000000000000e+00
1.000000000000000000e+01 8.000000000000000000e+00
1.000000000000000000e+01 7.000000000000000000e+00
1.000000000000000000e+01 6.000000000000000000e+00
1.000000000000000000e+01 5.000000000000000000e+00
1.000000000000000000e+01 4.000000000000000000e+00
1.000000000000000000e+01 3.000000000000000000e+00
1.000000000000000000e+01 2.000000000000000000e+00
9.687131069919537651e+00 1.975376681190275541e+00
9.381966011250105097e+00 1.902113032590307284e+00
9.092019000520906502e+00 1.782013048376735798e+00
8.824429495415053282e+00 1.618033988749894903e+00
8.585786437626904188e+00 1.414213562373095145e+00
8.381966011250105097e+00 1.175570504584946496e+00
8.217986951623263536e+00 9.079809994790937200e-01
8.097886967409692716e+00 6.180339887498950135e-01
8.024623318809725347e+00 3.128689300804619600e-01
8.000000000000000000e+00 0.000000000000000000e+00
7.000000000000000000e+00 0.000000000000000000e+00
6.000000000000000000e+00 0.000000000000000000e+00
5.000000000000000000e+00 0.000000000000000000e+00
4.000000000000000000e+00 0.000000000000000000e+00
3.000000000000000000e+00 0.000000000000000000e+00
2.000000000000000000e+00 0.000000000000000000e+00
1.000000000000000000e+00 0.000000000000000000e+00
8.000000000000000000e+00 5.000000000000000000e+00
7.963065021785412867e+00 5.469303395120692635e+00
7.853169548885460927e+00 5.927050983124842354e+00
7.673019572565103807e+00 6.361971499218640247e+00
7.427050983124842354e+00 6.763355756877419189e+00
7.121320343559642829e+00 7.121320343559642829e+00
6.763355756877419189e+00 7.427050983124842354e+00
6.361971499218640247e+00 7.673019572565102919e+00
5.927050983124842354e+00 7.853169548885460927e+00
5.469303395120692635e+00 7.963065021785412867e+00
5.000000000000000000e+00 8.000000000000000000e+00
4.530696604879307365e+00 7.963065021785412867e+00
4.072949016875157646e+00 7.853169548885460927e+00
3.638028500781359753e+00 7.673019572565103807e+00
3.236644243122580811e+00 7.427050983124842354e+00
2.878679656440357615e+00 7.121320343559642829e+00
2.572949016875158090e+00 6.763355756877420077e+00
2.326980427434896637e+00 6.361971499218640247e+00
2.146830451114539517e+00 5.927050983124842354e+00
2.036934978214587133e+00 5.469303395120692635e+00
2.000000000000000000e+00 5.000000000000000000e+00
2.036934978214586689e+00 4.530696604879308254e+00
2.146830451114539073e+00 4.072949016875158534e+00
2.326980427434896193e+00 3.638028500781360197e+00
2.572949016875157646e+00 3.236644243122580811e+00
2.878679656440357171e+00 2.878679656440357615e+00
3.236644243122580367e+00 2.572949016875158090e+00
3.638028500781359309e+00 2.326980427434896637e+00
4.072949016875157646e+00 2.146830451114539517e+00
4.530696604879306477e+00 2.036934978214587133e+00
4.999999999999999112e+00 2.000000000000000000e+00
5.469303395120691746e+00 2.036934978214586689e+00
5.927050983124841466e+00 2.146830451114539073e+00
6.361971499218640247e+00 2.326980427434896193e+00
6.763355756877418301e+00 2.572949016875157202e+00
7.121320343559641941e+00 2.878679656440357171e+00
7.427050983124841466e+00 3.236644243122579923e+00
7.673019572565102919e+00 3.638028500781358865e+00
7.853169548885460927e+00 4.072949016875156758e+00
7.963065021785412867e+00 4.530696604879306477e+00
2.000000000000000111e-01 2.000000000000000111e-01
2.000000000000000111e-01 7.052631578947370361e-01
2.000000000000000111e-01 1.210526315789473895e+00
2.000000000000000111e-01 1.715789473684210753e+00
2.000000000000000111e-01 2.221052631578948056e+00
2.000000000000000111e-01 2.726315789473685136e+00
2.000000000000000111e-01 3.231578947368421773e+00
2.000000000000000111e-01 3.736842105263158853e+00
2.000000000000000111e-01 4.242105263157895934e+00
2.000000000000000111e-01 4.747368421052632570e+00
2.000000000000000111e-01 5.252631578947370095e+00
2.000000000000000111e-01 5.757894736842106731e+00
2.000000000000000111e-01 6.263157894736843367e+00
2.000000000000000111e-01 6.768421052631580892e+00
2.000000000000000111e-01 7.273684210526317528e+00
2.000000000000000111e-01 7.778947368421055053e+00
2.000000000000000111e-01 8.284210526315790801e+00
2.000000000000000111e-01 8.789473684210527438e+00
2.000000000000000111e-01 9.294736842105264074e+00
2.000000000000000111e-01 9.800000000000002487e+00
7.052631578947370361e-01 2.000000000000000111e-01
7.052631578947370361e-01 7.052631578947370361e-01
7.052631578947370361e-01 1.210526315789473895e+00
7.052631578947370361e-01 1.715789473684210753e+00
7.052631578947370361e-01 2.221052631578948056e+00
7.052631578947370361e-01 2.726315789473685136e+00
7.052631578947370361e-01 3.231578947368421773e+00
7.052631578947370361e-01 3.736842105263158853e+00
7.052631578947370361e-01 4.242105263157895934e+00
7.052631578947370361e-01 4.747368421052632570e+00
7.052631578947370361e-01 5.252631578947370095e+00
7.052631578947370361e-01 5.757894736842106731e+00
7.052631578947370361e-01 6.263157894736843367e+00
7.052631578947370361e-01 6.768421052631580892e+00
7.052631578947370361e-01 7.273684210526317528e+00
7.052631578947370361e-01 7.778947368421055053e+00
7.052631578947370361e-01 8.284210526315790801e+00
7.052631578947370361e-01 8.789473684210527438e+00
7.052631578947370361e-01 9.294736842105264074e+00
7.052631578947370361e-01 9.800000000000002487e+00
1.210526315789473895e+00 2.000000000000000111e-01
1.210526315789473895e+00 7.052631578947370361e-01
1.210526315789473895e+00 1.210526315789473895e+00
1.210526315789473895e+00 1.715789473684210753e+00
1.210526315789473895e+00 2.221052631578948056e+00
1.210526315789473895e+00 2.726315789473685136e+00
1.210526315789473895e+00 3.231578947368421773e+00
1.210526315789473895e+00 3.736842105263158853e+00
1.210526315789473895e+00 4.242105263157895934e+00
1.210526315789473895e+00 4.747368421052632570e+00
1.210526315789473895e+00 5.252631578947370095e+00
1.210526315789473895e+00 5.757894736842106731e+00
1.210526315789473895e+00 6.263157894736843367e+00
1.210526315789473895e+00 6.768421052631580892e+00
1.210526315789473895e+00 7.273684210526317528e+00
1.210526315789473895e+00 7.778947368421055053e+00
1.210526315789473895e+00 8.284210526315790801e+00
1.210526315789473895e+00 8.789473684210527438e+00
1.210526315789473895e+00 9.294736842105264074e+00
1.210526315789473895e+00 9.800000000000002487e+00
1.715789473684210753e+00 2.000000000000000111e-01
1.715789473684210753e+00 7.052631578947370361e-01
1.715789473684210753e+00 1.210526315789473895e+00
1.715789473684210753e+00 1.715789473684210753e+00
1.715789473684210753e+00 2.221052631578948056e+00
1.715789473684210753e+00 2.726315789473685136e+00
1.715789473684210753e+00 3.231578947368421773e+00
1.715789473684210753e+00 3.736842105263158853e+00
1.715789473684210753e+00 4.242105263157895934e+00
1.715789473684210753e+00 4.747368421052632570e+00
1.715789473684210753e+00 5.252631578947370095e+00
1.715789473684210753e+00 5.757894736842106731e+00
1.715789473684210753e+00 6.263157894736843367e+00
1.715789473684210753e+00 6.768421052631580892e+00
1.715789473684210753e+00 7.273684210526317528e+00
1.715789473684210753e+00 7.778947368421055053e+00
1.715789473684210753e+00 8.284210526315790801e+00
1.715789473684210753e+00 8.789473684210527438e+00
1.715789473684210753e+00 9.294736842105264074e+00
1.715789473684210753e+00 9.800000000000002487e+00
2.221052631578948056e+00 2.000000000000000111e-01
2.221052631578948056e+00 7.052631578947370361e-01
2.221052631578948056e+00 1.210526315789473895e+00
2.221052631578948056e+00 1.715789473684210753e+00
2.221052631578948056e+00 2.221052631578948056e+00
2.221052631578948056e+00 2.726315789473685136e+00
2.221052631578948056e+00 3.231578947368421773e+00
2.221052631578948056e+00 6.768421052631580892e+00
2.221052631578948056e+00 7.273684210526317528e+00
2.221052631578948056e+00 7.778947368421055053e+00
2.221052631578948056e+00 8.284210526315790801e+00
2.221052631578948056e+00 8.789473684210527438e+00
2.221052631578948056e+00 9.294736842105264074e+00
2.221052631578948056e+00 9.800000000000002487e+00
2.726315789473685136e+00 2.000000000000000111e-01
2.726315789473685136e+00 7.052631578947370361e-01
2.726315789473685136e+00 1.210526315789473895e+00
2.726315789473685136e+00 1.715789473684210753e+00
2.726315789473685136e+00 2.221052631578948056e+00
2.726315789473685136e+00 2.726315789473685136e+00
2.726315789473685136e+00 7.273684210526317528e+00
2.726315789473685136e+00 7.778947368421055053e+00
2.726315789473685136e+00 8.284210526315790801e+00
2.726315789473685136e+00 8.789473684210527438e+00
2.726315789473685136e+00 9.294736842105264074e+00
2.726315789473685136e+00 9.800000000000002487e+00
3.231578947368421773e+00 2.000000000000000111e-01
3.231578947368421773e+00 7.052631578947370361e-01
3.231578947368421773e+00 1.210526315789473895e+00
3.231578947368421773e+00 1.715789473684210753e+00
3.231578947368421773e+00 2.221052631578948056e+00
3.231578947368421773e+00 7.778947368421055053e+00
3.231578947368421773e+00 8.284210526315790801e+00
3.231578947368421773e+00 8.789473684210527438e+00
3.231578947368421773e+00 9.294736842105264074e+00
3.231578947368421773e+00 9.800000000000002487e+00
3.736842105263158853e+00 2.000000000000000111e-01
3.736842105263158853e+00 7.052631578947370361e-01
3.736842105263158853e+00 1.210526315789473895e+00
3.736842105263158853e+00 1.715789473684210753e+00
3.736842105263158853e+00 8.284210526315790801e+00
3.736842105263158853e+00 8.789473684210527438e+00
3.736842105263158853e+00 9.294736842105264074e+00
3.736842105263158853e+00 9.800000000000002487e+00
4.242105263157895934e+00 2.000000000000000111e-01
4.242105263157895934e+00 7.052631578947370361e-01
4.242105263157895934e+00 1.210526315789473895e+00
4.242105263157895934e+00 1.715789473684210753e+00
4.242105263157895934e+00 8.284210526315790801e+00
4.242105263157895934e+00 8.789473684210527438e+00
4.242105263157895934e+00 9.294736842105264074e+00
4.242105263157895934e+00 9.800000000000002487e+00
4.747368421052632570e+00 2.000000000000000111e-01
4.747368421052632570e+00 7.052631578947370361e-01
4.747368421052632570e+00 1.210526315789473895e+00
4.747368421052632570e+00 1.715789473684210753e+00
4.747368421052632570e+00 8.284210526315790801e+00
4.747368421052632570e+00 8.789473684210527438e+00
4.747368421052632570e+00 9.294736842105264074e+00
4.747368421052632570e+00 9.800000000000002487e+00
5.252631578947370095e+00 2.000000000000000111e-01
5.252631578947370095e+00 7.052631578947370361e-01
5.252631578947370095e+00 1.210526315789473895e+00
5.252631578947370095e+00 1.715789473684210753e+00
5.252631578947370095e+00 8.284210526315790801e+00
5.252631578947370095e+00 8.789473684210527438e+00
5.252631578947370095e+00 9.294736842105264074e+00
5.252631578947370095e+00 9.800000000000002487e+00
5.757894736842106731e+00 2.000000000000000111e-01
5.757894736842106731e+00 7.052631578947370361e-01
5.757894736842106731e+00 1.210526315789473895e+00
5.757894736842106731e+00 1.715789473684210753e+00
5.757894736842106731e+00 8.284210526315790801e+00
5.757894736842106731e+00 8.789473684210527438e+00
5.757894736842106731e+00 9.294736842105264074e+00
5.757894736842106731e+00 9.800000000000002487e+00
6.263157894736843367e+00 2.000000000000000111e-01
6.263157894736843367e+00 7.052631578947370361e-01
6.263157894736843367e+00 1.210526315789473895e+00
6.263157894736843367e+00 1.715789473684210753e+00
6.263157894736843367e+00 8.284210526315790801e+00
6.263157894736843367e+00 8.789473684210527438e+00
6.263157894736843367e+00 9.294736842105264074e+00
6.263157894736843367e+00 9.800000000000002487e+00
6.768421052631580892e+00 2.000000000000000111e-01
6.768421052631580892e+00 7.052631578947370361e-01
6.768421052631580892e+00 1.210526315789473895e+00
6.768421052631580892e+00 1.715789473684210753e+00
6.768421052631580892e+00 2.221052631578948056e+00
6.768421052631580892e+00 7.778947368421055053e+00
6.768421052631580892e+00 8.284210526315790801e+00
6.768421052631580892e+00 8.789473684210527438e+00
6.768421052631580892e+00 9.294736842105264074e+00
6.768421052631580892e+00 9.800000000000002487e+00
7.273684210526317528e+00 2.000000000000000111e-01
7.273684210526317528e+00 7.052631578947370361e-01
7.273684210526317528e+00 1.210526315789473895e+00
7.273684210526317528e+00 1.715789473684210753e+00
7.273684210526317528e+00 2.221052631578948056e+00
7.273684210526317528e+00 2.726315789473685136e+00
7.273684210526317528e+00 7.273684210526317528e+00
7.273684210526317528e+00 7.778947368421055053e+00
7.273684210526317528e+00 8.284210526315790801e+00
7.273684210526317528e+00 8.789473684210527438e+00
7.273684210526317528e+00 9.294736842105264074e+00
7.273684210526317528e+00 9.800000000000002487e+00
7.778947368421055053e+00 2.000000000000000111e-01
7.778947368421055053e+00 7.052631578947370361e-01
7.778947368421055053e+00 1.210526315789473895e+00
7.778947368421055053e+00 1.715789473684210753e+00
7.778947368421055053e+00 2.221052631578948056e+00
7.778947368421055053e+00 2.726315789473685136e+00
7.778947368421055053e+00 3.231578947368421773e+00
7.778947368421055053e+00 6.768421052631580892e+00
7.778947368421055053e+00 7.273684210526317528e+00
7.778947368421055053e+00 7.778947368421055053e+00
7.778947368421055053e+00 8.284210526315790801e+00
7.778947368421055053e+00 8.789473684210527438e+00
7.778947368421055053e+00 9.294736842105264074e+00
7.778947368421055053e+00 9.800000000000002487e+00
8.284210526315790801e+00 1.210526315789473895e+00
8.284210526315790801e+00 1.715789473684210753e+00
8.284210526315790801e+00 2.221052631578948056e+00
8.284210526315790801e+00 2.726315789473685136e+00
8.284210526315790801e+00 3.231578947368421773e+00
8.284210526315790801e+00 3.736842105263158853e+00
8.284210526315790801e+00 4.242105263157895934e+00
8.284210526315790801e+00 4.747368421052632570e+00
8.284210526315790801e+00 5.252631578947370095e+00
8.284210526315790801e+00 5.757894736842106731e+00
8.284210526315790801e+00 6.263157894736843367e+00
8.284210526315790801e+00 6.768421052631580892e+00
8.284210526315790801e+00 7.273684210526317528e+00
8.284210526315790801e+00 7.778947368421055053e+00
8.284210526315790801e+00 8.284210526315790801e+00
8.284210526315790801e+00 8.789473684210527438e+00
8.284210526315790801e+00 9.294736842105264074e+00
8.284210526315790801e+00 9.800000000000002487e+00
8.789473684210527438e+00 1.715789473684210753e+00
8.789473684210527438e+00 2.221052631578948056e+00
8.789473684210527438e+00 2.726315789473685136e+00
8.789473684210527438e+00 3.231578947368421773e+00
8.789473684210527438e+00 3.736842105263158853e+00
8.789473684210527438e+00 4.242105263157895934e+00
8.789473684210527438e+00 4.747368421052632570e+00
8.789473684210527438e+00 5.252631578947370095e+00
8.789473684210527438e+00 5.757894736842106731e+00
8.789473684210527438e+00 6.263157894736843367e+00
8.789473684210527438e+00 6.768421052631580892e+00
8.789473684210527438e+00 7.273684210526317528e+00
8.789473684210527438e+00 7.778947368421055053e+00
8.789473684210527438e+00 8.284210526315790801e+00
8.789473684210527438e+00 8.789473684210527438e+00
8.789473684210527438e+00 9.294736842105264074e+00
8.789473684210527438e+00 9.800000000000002487e+00
9.294736842105264074e+00 2.221052631578948056e+00
9.294736842105264074e+00 2.726315789473685136e+00
9.294736842105264074e+00 3.231578947368421773e+00
9.294736842105264074e+00 3.736842105263158853e+00
9.294736842105264074e+00 4.242105263157895934e+00
9.294736842105264074e+00 4.747368421052632570e+00
9.294736842105264074e+00 5.252631578947370095e+00
9.294736842105264074e+00 5.757894736842106731e+00
9.294736842105264074e+00 6.263157894736843367e+00
9.294736842105264074e+00 6.768421052631580892e+00
9.294736842105264074e+00 7.273684210526317528e+00
9.294736842105264074e+00 7.778947368421055053e+00
9.294736842105264074e+00 8.284210526315790801e+00
9.294736842105264074e+00 8.789473684210527438e+00
9.294736842105264074e+00 9.294736842105264074e+00
9.294736842105264074e+00 9.800000000000002487e+00
9.800000000000002487e+00 2.221052631578948056e+00
9.800000000000002487e+00 2.726315789473685136e+00
9.800000000000002487e+00 3.231578947368421773e+00
9.800000000000002487e+00 3.736842105263158853e+00
9.800000000000002487e+00 4.242105263157895934e+00
9.800000000000002487e+00 4.747368421052632570e+00
9.800000000000002487e+00 5.252631578947370095e+00
9.800000000000002487e+00 5.757894736842106731e+00
9.800000000000002487e+00 6.263157894736843367e+00
9.800000000000002487e+00 6.768421052631580892e+00
9.800000000000002487e+00 7.273684210526317528e+00
9.800000000000002487e+00 7.778947368421055053e+00
9.800000000000002487e+00 8.284210526315790801e+00
9.800000000000002487e+00 8.789473684210527438e+00
9.800000000000002487e+00 9.294736842105264074e+00
9.800000000000002487e+00 9.800000000000002487e+00
