5.630652570030171233e+01
7.731126400973256807e+01
9.810895367187595184e+01
7.156013368250852125e+01
3.471175472628734582e+01
2.387301806933258064e+01
2.932303181346524923e+01
4.762314646996064482e+01
1.098161468568847567e+02
6.041957078780265533e+01
7.562755303578765620e+01
4.355880331295035290e+01
-5.682535438085309920e+00
5.502983644412303477e+01
-4.307475441537141592e+01
3.387240378466607638e+01
-1.250511047986026725e+01
5.099449234896643901e+01
9.926059038934216971e+01
4.843001156575844846e+01
4.829958733077903332e+01
4.270524156313362596e+01
5.096510615825575741e+01
5.994209411255024378e+01
-2.282308601631231326e+01
-9.357249029051750711e+00
4.072533664739493986e+01
-1.609922090145685303e+01
3.184644131744197892e+01
7.813660083231778231e+01
8.410349643846156908e+00
2.267932988834431995e+01
-1.342603555590240560e+01
-1.822356621173038604e+01
-6.813012652371135403e+00
-4.347604004000749001e+01
1.563550302326419406e+01
4.155889178088625613e+01
5.400033870022814142e+01
1.799117720784206753e+01
3.597647322141250470e+01
1.490293043141243956e+01
4.283401783442342037e+01
1.735086683710669320e+00
4.803626683457753188e+01
-1.574620159800277719e+01
4.459870339994206745e+01
7.043000605088397492e+01
7.116619744578690643e+01
9.664965248552536536e+01
5.811178130774215589e+01
6.591731010059530149e+01
-3.048753244121627048e+01
-3.159316644368555771e+01
-2.270050877344742446e+01
1.040338366865487529e+00
-1.375052294716109458e+01
2.703118964980497196e+00
6.375616385426436494e+01
8.219800689735811261e+01
3.369052588547573635e+01
1.204016583011604808e+02
4.869234031173839128e+01
8.233944187993554920e+01
5.713670653933912291e+01
6.055890855026967756e+01
5.636332085507105205e+01
1.896764479442733986e+01
8.857068592607056701e+01
3.064385289063472584e+01
3.573634225936473285e+00
2.211750605827014837e+01
3.776987726884686936e+01
-8.252206401233699751e+00
-3.213593174019055709e+01
2.910995712682508341e+01
2.655094987398987527e+01
1.506029163690138262e+01
2.589629661017511353e+01
4.740774912239061933e+01
6.852945001231614697e+01
3.173607646816355299e+01
-1.767492690890127349e+01
-2.478018891432204285e+01
1.420434724808616167e+01
-8.473738934655809629e+00
-2.798851255390758297e+01
6.402840401850042440e+01
6.081407513289130407e+01
7.950156796365152445e+01
1.891996445679126282e+01
-4.835941508715832171e+00
2.598344665534371956e+01
-6.278751987011763447e+01
-3.631602685607443703e+01
3.567094089168484317e+01
-3.214385654454434871e+01
1.119959444224359402e+01
2.786523738212713042e+01
2.469882154154301190e+01
5.738285667189343542e+01
8.738793267621635152e+01
1.268782421890710310e+01
2.681653328605984399e+01
3.267721164749101348e+00
4.874100118646477853e+01
1.799003128000891039e+01
5.783305639541701737e+01
8.525442092544082584e+01
1.585376416893974039e+01
4.174195875865632388e+01
7.065116600629438892e+01
-1.811493251762199819e+01
-1.803026412426165948e+01
1.397208532431453065e+01
-4.134491246280867927e+01
4.285323029925389449e+01
1.680145676650799658e+01
8.789215844688223456e+01
9.839467461051251007e+01
4.528500583134301394e+01
9.865746269951239356e+01
4.405969571361782755e+01
1.536733333400029622e+01
6.647765990157422777e+01
-2.078398095156812886e+01
-6.336427049385225274e+00
1.258101194014418667e+01
7.551283719348916179e+01
3.982588478593716275e+01
-6.050459961570204825e+00
-2.840180551002102760e-01
-8.917393278302537141e+00
-4.451206317223682873e+00
-3.105055578519472448e+01
2.700493443766873725e-01
2.845378520209548867e+01
-2.042370417498155177e+01
8.420502735945939321e+01
8.977276653213610302e+01
8.793272508868551540e+01
4.680352331464786175e+01
1.125912722922284814e+01
2.148284015684278003e+01
1.115232082603891328e+01
6.016406684957016182e+01
4.696235898877116455e+01
-8.914216644586119287e+00
2.355620340374158417e+01
3.049972613298401924e+01
4.350580380805920555e+01
7.419980325067700733e+01
-1.757154858390007846e+00
2.022525457209119182e+01
3.079286765927356129e+01
2.036006436625133631e+01
-5.064612893971847996e+00
5.811515572661345175e+01
2.535687216349189299e+01
8.490516218812237526e+01
5.815244201615720243e+01
3.397990685004435818e+01
8.917878997725544821e+00
5.396459486126148875e+01
3.967948267425339282e+01
5.593077402988778601e+01
2.594917240085408849e+01
5.621444367391288210e+01
1.999138554858274830e+01
8.005067328128504300e+01
6.329125635977567299e+01
6.057095329715059506e+01
2.711025220326128249e+01
-1.349428529699448021e+01
-3.563941633165160283e+01
-1.463588947043590061e+01
-4.402456303470214749e+01
4.443236328631216026e+01
3.866281392153221930e+01
6.877730019806763551e+01
7.577921373141363404e+01
2.462780191555307852e+01
2.092719068815989658e+01
4.841849697717556467e+00
5.369118873962879945e+01
4.400902916658527175e+01
3.896828810894879780e+01
2.198954585407167173e+01
2.727867416369696940e+01
3.375729692378126146e+01
-6.957879452252811348e+00
2.940610260338028326e+01
-5.061667407819454567e-01
-4.084574325864686273e+01
-4.590476746321584045e+01
3.845854979900568793e+00
1.159695731339898828e+01
4.957297875014499766e+01
6.522525208412254472e+01
9.208229627569672004e+01
6.982392834176846463e+01
7.696082782525073185e+01
4.228802271153221426e+01
2.618065652985144709e+00
-9.622092550309631065e+00
-2.532149186528904750e+00
6.676687625301241269e+01
1.306981516978890312e+01
1.069751217543751807e+02
2.292032147625814531e+01
3.873886004679535944e+01
2.950241769220765775e+01
6.870674506100868939e+01
4.400633919626476143e+01
-2.128968011084364065e+00
-3.942391228041074669e+01
-8.146476800703322141e+00
8.361705846003356157e+01
4.276142533755573538e+01
2.162739696239681564e+01
6.643250597821395331e+01
1.001732833976487598e+02
5.852132685922325805e+01
7.076303450083685220e+01
-9.419880305613670401e+00
5.513335588164675016e+01
-1.019253546046671488e+01
2.127605947238065909e+01
8.578907446479277610e+01
2.939423392186679962e+01
7.650085271610635118e+01
5.195082674010239998e+01
1.762616638273989267e+01
-5.223939110423256693e+01
-9.680954113277753237e+00
2.425510381423272932e+01
-4.171697167898426528e+01
3.822492442625048170e+01
8.006948764038800448e+01
3.121825047910238737e+01
8.581343771368788964e+01
3.386178273544850725e+01
7.905868110925683823e+01
-6.895373727663010044e+00
5.567096725463368756e+01
3.401455236708365248e+01
2.237604217901189685e+00
2.660892303908383383e+01
5.377466373988301029e+01
6.429016724809059724e+00
4.451986598125900940e+01
-8.497962926943454676e+00
-3.122967335626051977e+01
-1.584412790118134495e+01
-2.348244365829406632e+01
-1.594840183456346949e+01
8.362259860322517113e+00
2.882095404603550293e+01
9.173131485356269366e+01
4.675195358013300506e+01
7.818774643590579387e+01
8.659251953082294051e+01
4.236440951120796683e+01
2.229924698864659760e+01
3.653803609227716009e+01
6.202978655821488019e+01
5.304307139808488358e+01
1.542569173152433848e+01
8.588087624663276642e+01
2.118310569143688582e+01
-4.373194917028975226e+00
1.270204442206610196e+01
1.641976975049871612e+01
-3.139566543174158397e+01
2.364926830469332941e+01
1.583585993881922604e+01
-2.081116801671131000e+00
6.749299715779855546e+01
-7.801424395829378966e+00
7.258230841906544129e+01
4.430795983160948026e+00
3.984789077601651996e+01
1.457421879177710622e+01
2.466593341292379904e+01
-1.004777485796865122e+01
2.830633902330156815e+01
3.561152506403433904e+01
1.317099770016364602e+01
5.715792856764822005e+01
5.561456130921077801e+01
7.425891612059962199e+01
5.293948436261895552e+01
-1.627672603940577289e+01
-4.572350880479272206e+01
-6.030164382713260807e+01
-6.278466646181339428e+00
4.183177677525008420e+01
1.053691499523011998e+00
6.186474238210661269e+01
1.120623629313162724e+02
3.803337616421285361e+01
1.449344676759076123e+01
9.053440187535701966e+01
8.207933906493779830e+01
1.856170933284373348e+01
7.451625583498581307e+01
8.669876974194986019e+01
7.111205302509677040e+01
6.794452964106085346e+01
3.473568494671967244e+01
6.702537996376875640e+01
3.390603146546411750e+01
2.436183090313025090e+01
-2.983226483878608093e+01
-5.663391854687041871e+00
8.949226037726898397e+00
4.241313322637692096e+01
1.957374814766229676e+01
3.151056963973042002e+01
1.035720756207212645e+02
8.772768300450498202e+01
1.025786209022484172e+02
3.603788920146890007e+00
3.911260281602812228e+01
3.775549131765949085e+00
3.734917341218358899e+01
5.969035889944547080e+01
4.950232344122329664e+01
1.541641353811797899e+00
-5.527517955396689331e+00
4.578613037634814020e+01
-1.374965422560451600e+01
-2.632639762370927983e+01
-1.426823493849699531e+01
-5.636418337188228378e+01
-1.009686634088313184e+01
-1.186442043285922843e+01
3.183935852930701671e+01
5.860026607514548402e+00
2.962488442504378128e+01
1.003070872228723260e+02
8.044154422599470422e+01
2.422332478775281572e+01
-6.600895771141789936e+00
-9.918724497045381838e+00
1.344522939554406449e+01
6.715375974432404860e+01
6.109888675814492842e+01
2.653218245961085486e+01
4.896621942107667991e+01
-3.580097962859959182e+00
5.796550615515651828e+01
-1.118409754934581635e+01
-1.214944555622108879e+01
1.368758833163572675e+01
4.402474384059696888e+01
2.852163504448452613e+01
2.403565949360163145e+01
1.589706433682903963e+01
4.091438826871807777e+01
7.978262275438657980e+01
2.857816791222818154e+01
2.981680669711629506e+01
9.406355169906802871e+01
1.552640648315330552e+01
2.323009329692826697e+01
2.056511355853201195e+01
5.912478079623274851e+01
1.244191145583678804e+01
6.927073862604393639e+01
1.767800440517830296e+01
1.730361110107900657e+01
-1.711343251591905812e+01
-2.485322739261190961e+01
-1.548770924073610189e+01
-3.923127583372977512e+00
1.626457602777323075e+01
1.726274273961952588e+01
5.291709972279649321e+01
8.439715850773069405e+00
8.536680740300394632e+01
8.482144584384391806e+01
7.505158148138643526e+01
-3.174491196719981190e+01
1.115268983000360592e+01
2.288040619018309840e+01
-7.926261408341453318e+00
-1.541519168981743704e+01
1.606300266729737558e+01
9.818014396310712044e+00
-1.895376117412108385e+01
4.597755248895963831e+01
-4.829611768642180891e+00
-1.967065495896411420e+01
4.713122357122532691e+00
-5.645974573603731983e+01
3.468961384483711186e+01
7.245020971888465056e+01
7.776800074890331871e+01
1.096218873030806265e+02
5.261234361015073802e+01
3.650721345439463050e+01
5.083179565594405602e+01
-4.308281874290827318e+00
4.903938468679758245e+00
3.198915167301576901e+01
5.671096836676994002e+01
2.252090625498792065e+01
9.786056202741177401e+01
4.172071651570230699e+01
8.512846534852585023e+01
6.726678842383324763e+01
6.025897095961884276e+00
3.585745295319439663e+01
4.047289510863819828e+00
5.054345592399772613e+01
-4.506825971912498119e+00
1.360800240960666230e+01
9.632245060703957051e+01
3.809873869935127999e+01
1.009819247222063296e+02
7.371893593045119530e+01
5.306628476655846072e+01
1.325311746303171745e+01
3.465150366946650706e+01
3.818419066074969948e+00
3.614767258470273248e+01
7.878268393198841579e+01
5.794429517211355574e+01
-5.466303683685879378e+00
-6.328503927901259374e+00
-3.383477304902406502e+01
4.135517208377753207e+01
-6.545179925642553087e+01
-5.251966913296722339e+01
8.334421102159133454e+00
8.450435529144408875e+00
-1.394679417633663121e+01
2.440637715669357277e+01
3.278350117576652423e+01
1.377315190854066174e+01
4.461141612184628258e+01
-4.663653469454914102e+00
4.738894373699378093e+01
2.798415186510034047e+01
-1.463278892212330362e+01
-4.079730533421930261e+00
5.178782829250790343e+01
3.117409069161126212e+01
6.599247177608658887e+01
1.237784407013580790e+01
-8.127726404728836229e+00
1.314985630115616821e+01
2.574681671392239224e+01
-4.678033002017442499e+01
3.240229095353157618e+00
3.109057255620079729e+01
6.493322055778634194e+00
8.050399608025358589e+01
4.991089564519256783e+01
1.146096914986813431e+02
6.248369341286836232e+01
1.014792424012060934e+01
2.208948939240009324e+01
9.883437208843304234e-01
-5.204481016252444192e+00
2.935954197733764204e+01
6.387769355942401717e+01
9.481833014146013738e+01
9.289066097690759705e+01
5.366019235109605034e+01
4.882816468821042832e+01
4.665815916466721447e+00
-2.925265260819751489e+01
1.168800924293152121e+01
-3.215694371509067651e+01
-1.015580344525641721e+01
-1.207901199438769169e+01
5.760179480367521165e+01
4.349812829012321203e+01
5.216307374881019143e+00
2.206390661962520738e+01
9.961524593138960881e+00
5.125687665262760362e+01
2.878084817222650571e+01
-3.004277263343752225e+01
-3.052238510247271108e+01
6.314644725328033559e+00
8.381622470655771906e+01
1.779124634804001204e+01
1.378536747666579387e+01
4.221458782354200423e+01
4.293583292820660091e+01
-3.472370364539813181e+00
2.560217891503243592e+01
1.642181229433104050e+01
-4.038245136118544565e+01
3.874918212868107048e+01
5.620136175085316665e+01
6.977534738741590559e+01
2.769957013906891063e+01
