9 8 102
11 165 12
125 11 10
191 13 12
103 9 102
214 58 57
233 16 15
271 18 17
16 249 17
238 55 54
238 230 55
294 295 47
291 84 83
84 291 292
25 342 26
19 336 20
336 352 20
51 266 52
156 155 66
145 165 11
125 145 11
105 125 10
103 104 9
9 104 10
104 105 10
209 14 13
179 191 12
165 179 12
6 98 7
8 101 102
233 241 16
241 249 16
271 285 18
259 271 17
249 259 17
230 56 55
255 53 52
53 246 54
246 238 54
246 255 256
255 246 53
295 48 47
85 84 292
347 23 22
347 346 23
342 341 26
293 85 292
303 19 18
285 303 18
45 106 0
106 86 0
87 1 0
86 87 0
96 6 5
65 156 66
156 65 157
157 65 64
93 4 3
40 226 41
226 218 41
14 225 15
225 233 15
201 209 13
191 201 13
63 62 173
98 99 7
100 8 7
100 101 8
99 100 7
56 222 57
222 214 57
222 56 230
266 267 52
267 255 52
279 50 49
51 50 266
50 280 266
50 279 280
23 345 24
346 345 23
348 347 22
27 338 28
340 27 26
341 340 26
46 293 294
46 294 47
293 46 85
25 343 342
343 25 24
320 336 19
303 320 19
126 45 146
126 106 45
2 91 3
91 2 90
2 89 90
89 2 1
155 67 66
68 153 69
71 185 72
185 184 72
4 95 5
95 96 5
97 98 6
96 97 6
39 242 40
234 226 40
242 234 40
75 74 213
196 73 72
184 196 72
186 62 61
60 59 197
60 186 61
186 60 187
187 60 197
209 217 14
217 225 14
63 158 64
158 157 64
158 63 173
159 158 173
338 337 28
340 339 27
339 338 27
33 304 287
344 343 24
345 344 24
351 21 20
352 351 20
21 349 22
349 348 22
91 92 3
92 93 3
88 89 1
87 88 1
154 67 155
67 154 68
154 153 68
70 171 185
71 70 185
94 95 4
93 94 4
250 242 39
260 39 38
260 250 39
74 205 213
205 74 73
205 196 195
196 205 73
218 42 41
45 44 146
206 198 197
59 206 197
206 59 58
214 206 58
62 174 173
186 174 62
296 297 279
296 279 49
48 296 49
296 48 295
32 304 33
286 33 287
265 82 81
82 265 277
80 265 81
265 80 264
82 278 83
278 290 291
278 291 83
278 82 277
350 349 21
351 350 21
152 172 153
153 172 69
172 70 69
70 172 171
42 202 43
210 42 218
210 202 42
44 166 146
31 321 305
304 31 305
32 31 304
286 34 33
272 260 38
245 79 78
237 245 78
202 192 43
31 30 321
35 34 286
35 286 274
273 35 274
35 273 36
37 272 38
272 37 273
273 37 36
253 254 245
254 79 245
79 254 80
80 254 264
77 76 229
77 237 78
237 77 229
76 221 229
221 76 75
221 75 213
321 29 337
30 29 321
337 29 28
192 180 43
180 44 43
180 166 44
247 248 239
248 240 239
135 156 136
156 135 155
136 156 137
156 157 137
145 164 165
164 145 144
164 179 165
179 164 178
143 164 144
164 143 163
163 143 162
143 142 162
138 119 118
119 138 139
143 122 142
122 143 123
122 103 102
103 122 123
142 122 141
122 121 141
101 122 102
122 101 121
248 241 240
249 241 248
259 258 270
271 259 270
259 249 248
258 259 248
268 257 256
257 268 269
257 248 247
257 258 248
258 257 270
270 257 269
257 246 256
246 257 247
246 247 239
238 246 239
87 106 107
106 87 86
115 135 136
116 115 136
117 138 118
138 117 137
117 136 137
117 116 136
143 124 123
124 143 144
145 124 144
124 145 125
105 124 125
104 124 105
124 103 123
124 104 103
241 232 240
232 241 233
225 232 233
232 225 224
201 200 208
209 201 208
159 160 140
159 140 139
142 161 162
161 142 141
160 161 140
140 161 141
119 99 118
99 98 118
280 267 266
267 280 281
267 268 256
255 267 256
282 267 281
267 282 268
268 282 269
282 283 269
284 303 285
303 284 302
284 271 270
284 285 271
302 284 301
284 283 301
284 270 269
283 284 269
345 346 330
329 345 330
331 316 315
316 331 332
346 331 330
347 331 346
331 348 332
348 331 347
280 299 281
299 280 298
316 299 315
315 299 298
324 340 325
340 341 325
308 323 324
323 308 307
308 309 291
291 309 292
309 324 325
309 308 324
308 290 307
290 308 291
294 311 295
295 311 312
341 326 325
326 341 342
343 326 342
326 343 327
313 328 329
328 313 312
311 328 312
328 311 327
320 303 302
319 320 302
335 320 319
320 335 336
106 126 107
126 127 107
127 128 107
107 128 108
113 112 133
112 132 133
112 111 131
132 112 131
171 184 185
184 171 170
95 115 116
96 95 116
114 113 133
114 133 134
115 114 135
135 114 134
97 117 118
98 97 118
117 97 116
97 96 116
126 147 127
147 126 146
177 163 162
176 177 162
164 177 178
177 164 163
189 177 188
177 176 188
198 187 197
187 198 188
190 179 178
179 190 191
201 190 200
190 201 191
190 177 189
177 190 178
222 215 214
215 222 223
224 215 223
216 215 224
217 209 208
216 217 208
225 217 224
217 216 224
222 231 223
231 222 230
231 238 239
231 230 238
231 232 224
231 224 223
240 231 239
232 231 240
157 158 137
158 138 137
138 158 139
158 159 139
176 175 188
175 187 188
161 175 162
175 176 162
121 120 141
120 140 141
120 119 139
140 120 139
101 120 121
100 120 101
120 99 119
120 100 99
280 297 298
279 297 280
282 300 283
283 300 301
300 282 281
299 300 281
339 340 324
323 339 324
338 339 322
339 323 322
310 311 294
293 310 294
309 310 292
310 293 292
310 326 327
311 310 327
310 309 325
326 310 325
343 344 327
344 328 327
344 345 329
328 344 329
335 351 336
336 351 352
348 349 332
349 333 332
112 92 111
92 91 111
92 112 113
93 92 113
88 87 107
88 107 108
135 154 155
154 135 134
133 154 134
153 154 133
152 132 131
151 152 131
132 152 133
152 153 133
109 88 108
88 109 89
171 150 170
150 171 151
150 169 170
169 150 149
150 151 131
130 150 131
95 94 115
94 114 115
114 94 113
94 93 113
148 169 149
169 148 168
148 128 127
147 148 127
196 183 195
183 196 184
183 184 170
169 183 170
182 169 168
182 183 169
159 174 160
174 159 173
175 174 187
174 186 187
174 161 160
174 175 161
296 295 312
313 296 312
314 329 330
314 313 329
314 331 315
331 314 330
314 296 313
296 314 297
314 315 298
297 314 298
317 316 332
333 317 332
317 299 316
317 300 299
321 338 322
321 337 338
261 273 262
273 274 262
286 275 274
275 286 287
253 244 252
244 253 245
205 212 213
212 205 204
211 212 203
212 204 203
306 321 322
321 306 305
306 323 307
323 306 322
290 306 307
289 306 290
289 278 277
278 289 290
349 350 333
333 350 334
350 351 335
350 335 334
172 152 151
171 172 151
129 150 130
150 129 149
148 129 128
129 148 149
128 129 108
129 109 108
129 110 109
110 129 130
91 110 111
110 91 90
111 110 131
110 130 131
109 110 89
89 110 90
251 261 262
252 251 262
251 244 243
244 251 252
251 260 261
260 251 250
242 251 243
250 251 242
210 211 203
202 210 203
207 215 216
207 216 208
215 207 214
207 206 214
318 335 319
335 318 334
318 302 301
318 319 302
318 317 333
318 333 334
300 318 301
317 318 300
272 273 261
260 272 261
288 304 305
304 288 287
306 288 305
288 306 289
274 263 262
275 263 274
263 253 252
263 252 262
235 242 243
235 234 242
234 235 226
235 227 226
210 219 211
219 210 218
227 219 226
226 219 218
192 202 203
193 192 203
183 194 195
182 194 183
205 194 204
194 205 195
204 194 203
194 193 203
148 167 168
167 148 147
167 147 146
166 167 146
199 189 188
198 199 188
190 199 200
199 190 189
207 199 206
206 199 198
200 199 208
199 207 208
276 263 275
263 276 264
265 276 277
276 265 264
276 275 287
288 276 287
276 289 277
276 288 289
263 254 253
254 263 264
236 244 245
237 236 245
236 229 228
236 237 229
244 236 243
236 235 243
235 236 227
227 236 228
181 194 182
194 181 193
181 182 168
167 181 168
220 212 211
219 220 211
220 219 227
220 227 228
212 220 213
220 221 213
229 220 228
221 220 229
180 192 193
181 180 193
180 167 166
180 181 167
