-8.508508508508507706e-01 -5.475931052946348965e-01
-1.123123123123123124e+00 -4.875639049786560930e-01
-1.287287287287287363e+00 -3.752667547006618975e-01
-1.392679057558654954e+00 -2.312312312312312379e-01
-1.443911416784414259e+00 -6.106106106106101716e-02
-1.432065324909676862e+00 1.251251251251250807e-01
-1.361511079806886348e+00 2.852852852852851839e-01
-1.236361885281619832e+00 4.194194194194194036e-01
-1.043043043043043072e+00 5.179542940994883438e-01
-7.267267267267267794e-01 5.402794690219883122e-01
-4.704704704704705254e-01 4.719507952495722858e-01
-2.613300370867457922e-01 3.813813813813813347e-01
-1.401401401401392022e-02 3.092038019175958330e-01
2.462462462462462476e-01 3.747309175768454570e-01
4.544544544544546483e-01 4.657117034128337996e-01
7.067067067067065445e-01 5.373891913819243138e-01
1.023679515697533793e+00 5.235235235235236040e-01
1.225676950421692446e+00 4.274274274274274532e-01
1.354768326624033792e+00 2.952952952952951349e-01
1.428890763153398691e+00 1.371371371371370440e-01
1.445393969126963274e+00 -4.704704704704709695e-02
1.398501929396938959e+00 -2.192192192192192746e-01
1.297149153533349919e+00 -3.653653653653653466e-01
1.135944225970589194e+00 -4.814814814814815103e-01
8.748748748748749193e-01 -5.467749955038349041e-01
5.705705705705703679e-01 -5.062443553418292108e-01
3.502543665516998916e-01 -4.214214214214214715e-01
1.341341341341339977e-01 -3.313961545549551357e-01
-1.522288201210229286e-01 -3.373373373373373951e-01
-3.637374205941492633e-01 -4.274274274274274532e-01
-5.887829849244927694e-01 -5.115115115115115296e-01
